## 相机参数
fx: 56.560089527741965
fy: 56.560089527741965
x0: 32.5
y0: 24.5

## 畸变参数
k1: 0.0
k2: 0.0
p1: 0.0
p2: 0.0
k3: 0.0

## landpad_det 降落板边长(默认0.6m)，0.6m包括边缘白色部分，黑色部分边长为0.4m
landpad_det_len: 0.8
